# Dimensions (x, y, z)
d  1024 1024 11

# Paths: Sources (x, y, z) -> Destinations (x, y, z)
p   864 776 4   265 523 4
p   802 310 5   597 929 5
p   288 773 6   256 931 10
p   829 923 3   747 920 7
p   483 103 4   625 934 10
p   488 886 2   824 561 0
p   736 408 9   684   1 5
p   888 249 3   891 195 6
p   244 990 8   458  82 3
p   520 955 1   564 723 6
p   834 553 10   617 601 4
p   610 394 6   297 193 2
p   627 672 5    91 775 9
p   945 862 9   945 553 4
p   722 282 8   869 916 6
p   972 593 4   676 1020 10
p   812  84 6   498 645 9
p   248 749 1   225 813 3
p   835 103 1   714  46 6
p   931 547 7    27 650 6
p   589 400 4   1004  37 0
p   984 189 1   215 819 10
p    23 435 1   266 226 7
p   358 184 5    40 103 10
p   204 367 8   858 940 1
p   688 989 0   692 865 3
p   256 611 4   179 482 4
p   582 520 3   365 857 2
p   574  12 8   343  46 3
p   245 976 3   294 367 10
p   648 635 7   397 424 7
p     1 196 3   245 652 4
p   896 581 4   411 718 4
p   678  47 4   265 161 5
p   498 574 8   905 506 3
p   478 828 9   831 192 10
p   648  85 7   1010 411 7
p   323 218 7     2 842 5
p   100 121 7   894 286 10
p   102 874 4    83 281 4
p   811 882 1   533 666 3
p   892 285 0    41 697 6
p   969 960 10    43 767 7
p   671 729 9   655 381 5
p   212 601 0   154 341 8
p   735 346 6    42 167 10
p   296 404 6   300 489 2
p    49 183 5    72 412 3
p   424 101 9   485 861 10
p   351 490 7   436 309 8
p   915 941 6   384 997 7
p    67  86 8    62   8 4
p   531 459 5   598 695 4
p   377 1012 2   795 441 3
p    65 884 7   924 462 7
p   121 407 2    43 970 2
p   149 202 4   559 154 10
p   1006 151 4   696 898 5
p   939 330 5   510 686 2
p   624 224 3   985 920 8
p    36 151 2   802 862 6
p   735 826 0    86 889 0
p   230  41 0   864 338 1
p   152 671 10   517 922 5
p   587 694 8   776 1014 8
p   927 211 5   612 845 5
p   810 397 6   871 817 7
p     0 186 5   260  67 9
p   965 310 4   829  63 7
p   130 293 9    56  36 4
p   503 884 7   689 155 10
p   421 626 4    48 482 1
p    33 632 6   107 562 3
p   392 795 5   902 624 5
p   647 345 1   698 636 8
p   130 933 8   938 893 7
p   829 531 8   193 800 4
p   774 466 8    77  45 10
p   497 922 10   682 585 2
p    95 839 9   798 715 4
p   312 116 4   579 945 10
p   425 101 8   751  31 4
p   702  30 10   985 739 0
p    72 367 0   356  10 10
p   838  72 9   212 209 7
p   960 126 0   377  25 6
p   879 191 1   352 982 1
p   989 370 5   299 959 10
p   651 188 10   105 594 1
p   919 968 8   323 248 8
p   298 429 0   135  21 0
p    74 430 6   758 145 4
p   652  86 4   378 971 0
p   418 427 8   328 208 3
p   482 973 8   283 571 7
p   814 456 4   786 442 2
p   464 959 1   473 652 5
p   208   1 7   633   7 3
p   787 644 5   159 723 5
p   694 778 2   780 286 10
p   123 904 0   262 538 6
p   405 104 2   290 773 9
p   609  36 8   312 348 5
p   255 942 1   424 296 5
p   587 642 5   420 649 4
p   797 807 3   380 643 1
p   713 390 6   142 684 3
p   484 425 5   711 325 7
p    61 307 8    53 636 0
p   482 909 0   539  68 9
p   702 759 7     6  42 6
p   1023 894 7   744 232 8
p   294 107 5   338 172 4
p   918 445 4   725 536 1
p   932 454 8   398 826 4
p   225 200 10   600  50 4
p   239  86 2    58 653 1
p   625 627 7   524 291 9
p   361 469 6   528 979 10
p   952 956 6   501 721 2
p   272  44 1     3 670 1
p   805 696 10   406 943 4
p   347 104 9   813 330 5
p   332  29 0   377 214 5
p   192 206 7   753 319 9
p   260 352 7    45 956 0
p   471 741 0   828 1002 5
p   120  83 1   783 423 10
p   451  78 4   772 849 0
p   184 501 1   891 956 3
p   445 570 3   554 206 3
p   452 619 5   267 237 1
p   802 101 8   254 291 8
p   675 759 5   879 124 7
p   121 754 3   691 720 7
p   226 851 2   530 690 2
p   643 293 1   829 566 3
p   599  25 1   405 999 5
p    78 783 8   793 583 7
p   218 750 8   778 361 6
p   644 922 1   853 539 3
p   466  12 2   668 676 5
p   976 492 3   868 265 6
p   720 841 8   393  60 0
p   743 984 3   451 743 7
p   266 687 3   364 552 8
p   154  22 6    25  46 2
p   669  68 0   995 432 9
p   221 445 3   181 336 10
p   765 391 4   270 544 8
p   703 473 0   943 418 4
p     3 141 9   526 750 1
p   337 860 9   252  22 8
p   172 806 7   172  80 10
p   612 635 5   153 616 2
p   825 750 0   954  37 0
p   299 154 2   364 753 4
p   276 504 4   318 922 6
p   1000 791 6   268 703 5
p   738 413 5    21 757 0
p   697 595 8   296 702 2
p   541 348 10   995 213 6
p   337 991 10   600 737 7
p   361 938 9   338 765 0
p   835 578 10   371 640 3
p   801 615 10     1 144 0
p   128 951 10   491 969 9
p   797 765 2   562 434 10
p   178 173 7   161 112 5
p   815 619 8   272 291 4
p   1014 735 10   550 567 10
p   194 801 8   865 768 1
p   676 945 6   369 972 6
p   421 628 8   233  16 5
p   963 696 6   642 508 8
p   255 913 3   967 948 0
p   458 761 4   521 826 7
p   980 168 10   950 649 10
p   258 902 8   624  92 0
p    11 256 8   395 794 6
p   398 901 0   476 849 1
p   727 335 0   485 534 0
p   579 355 0   195 113 5
p    44 950 9   967 322 9
p   1007 783 3   686 609 4
p   313  61 1   137 492 7
p   782  47 9    44 568 8
p   646 972 3   599  84 6
p   832 206 2   717 259 2
p   957 1022 1   921 565 0
p   599 656 0   775 837 0
p   663 467 2   469 163 3
p   670 487 6   556 840 3
p   832  81 4   360 462 9
p   524 1010 9   121 324 0
p   751  19 9   197 423 0
p   318 398 0   785 728 3
p   855  79 0   363 923 8
p   688 576 8   422  31 8
p   195 396 3   126 359 1
p   630 669 0   467 567 9
p   507  82 0   882 809 9
p   268 663 1   846 341 10
p   482  33 9   640 293 0
p   385 160 6   150 178 10
p   655 248 9   639 968 5
p   909 694 0   246 288 1
p   243 231 9   474 897 1
p   578  13 10     5 399 8
p   1023  19 9   522  39 8
p   114 626 8   689 388 0
p   446 935 3   253 141 5
p   546  74 4   674 989 4
p   446 482 2   404 660 4
p   595 855 10   906 380 0
p   626 485 2    41 329 8
p   987 109 9    49 730 0
p   431 891 4   946 730 6
p   165 348 4   604 1019 3
p   515 955 3   643 784 6
p   771 200 10   181 597 3
p   649 298 4   698 275 8
p   355 135 6   169 440 4
p    77 727 7   796 557 6
p   173 212 2   537 838 3
p   903 753 7   343 121 10
p   875 418 9   920 350 5
p   339 711 10   1008 761 3
p   901 1016 3   971 523 10
p   1019 832 7   157   5 6
p   721 957 5   713 662 2
p   659 1005 1   705 629 4
p   812  10 9   836 492 1
p   463 598 2   498 794 10
p   575 847 0   876 942 1
p   847 869 9   529 622 2
p   725 414 0   137 397 9
p   578 938 10    88 602 3
p   518 466 5   104 853 5
p   660 484 1   553 163 9
p   851 147 0    70 402 10
p   569 271 2   113 144 8
p   141 884 9   140 572 0
p   882 571 8   502 706 10
p   572 895 3    99   5 2
p   858 318 2   507 969 5
p   349  79 6   231 376 4
p   776 237 10   760 492 9
p   367 393 1   797 410 5
p   482 671 4   937 442 3
p   410 784 10   887 491 3
p   456 352 2   191 978 5
p   112 393 4   525 1003 10
p   579 632 7   514 498 3
p   700  94 3   912 232 10
p   1007 589 0    95 205 3
p   115 816 4   239  44 4
p     4 119 6   957 204 8
p   202   1 9   866  68 1
p   239 950 4   826 446 4
p   783 630 2   596 720 9
p   693 656 6    94 967 7
p   279 708 6   674 388 6
p   675 206 5   123 108 10
p   127 914 5   465 347 4
p   386 578 3   841 239 2
p   492 957 0   740   6 4
p   782 456 4   259 486 2
p   290 668 6   951 992 5
p    89 307 5   689 968 1
p    37 890 8   784 479 7
p   421 196 4   805 821 10
p   908 698 5   741 187 10
p   729 608 4   648 632 9
p   584 218 4   248 926 9
p   569 201 0   137 453 7
p   229 700 9   775 435 7
p   1012 906 3   701 167 6
p   365 448 4   679 866 5
p   150 772 8   976 403 5
p   553 913 7    21 212 9
p   599 894 4   215   4 10
p   139 658 5   389 550 0
p   993 504 0   429 775 3
p   762 785 2   991  28 9
p   524 157 2   607 285 9
p   224 393 5   347 843 2
p    91 158 6   577  64 10
p   490 327 8    24 444 7
p   985 779 9   121 440 0
p   278 393 3   382 822 2
p   844 554 3   565 165 5
p    22 883 3   352 1019 6
p   427 809 0   584 533 9
p   600 496 5   800 355 6
p   724 1019 7   984 408 6
p   763 356 2   996 356 10
p   872 221 9   1007 283 7
p   788  85 9   315 723 10
p    35 626 3   117 728 10
p   525 354 4   424 544 4
p    82 1002 10   178 246 4
p   715  32 9   653 275 9
p   677 324 6   1002  49 7
p   869 708 1   611 804 4
p   596 259 3   827 501 4
p   125 383 5   236 827 4
p   244 315 9   925 983 0
p   771 538 1   252 288 4
p   482 959 0   726 874 3
p   255 226 3   148 564 2
p    27 238 9   427 904 10
p   249 573 9   595 172 2
p   1011 306 9   814 759 7
p   808 867 0   171 517 2
p   546 505 1    88  11 9
p    83 984 10   763 461 3
p   422 353 4   743 913 1
p   248 214 0   874 523 0
p   456 461 8   779 137 6
p   521  13 1   682 375 10
p   513 704 1   490 751 9
p   204 406 5   450 486 3
p   828 934 3   653 389 6
p   712 513 7   775 863 2
p   221 526 5   827 529 9
p   796 518 9   487 349 4
p   467 666 0   747 991 5
p    70 206 1   262 812 0
p   894 962 2   177 988 3
p   831   9 10    16 622 10
p   851 317 9   402 511 3
p   363 596 8   716 786 0
p   544 361 2   942 201 2
p   183 673 6   517 600 10
p   881 927 0   918  32 7
p   953 514 4   339 938 10
p   633 731 3   141 1002 7
p   280 1000 6   338 917 0
p   823 163 1   265 731 6
p   431 162 10   784 702 8
p   792 115 8   858 764 5
p   702 102 8   268 803 6
p   521 548 0    41  15 8
p   141 125 4   1001 907 3
p   839  87 4   593 1009 0
p   422 941 0   613 408 6
p   720 416 9   978 1008 0
p   856 899 1   964 130 2
p   978 850 6   294 258 4
p     9 651 0   792  71 0
p   291 791 9   519 960 1
p   340 758 3   148 592 0
p   381 259 3   496 548 0
p   323 392 4   491 436 0
p   224 659 9   523 151 0
p   159 393 6   680 536 6
p   360 681 7   411 834 8
p   926 477 3   795  38 4
p   1000 350 5   255  78 1
p   445 633 6   531 114 0
p   367 965 1   275 494 10
p   969   1 7   241 670 8
p   908 699 9   803 164 0
p   756 538 10   168 394 3
p   899 495 10   724 1022 6
p   999 177 4   592 1001 6
p   886 643 5   400 377 3
p   216 985 5   886 906 10
p   243 345 6   329 147 8
p   563 549 7   117 944 5
p   708 614 6   726  90 5
p   215 399 5   362 416 8
p    44 979 6   167 570 0
p   513 705 4   321 689 10
p   894 394 9   117  60 10
p   781 629 6   316 920 9
p   493 225 7   743 1019 8
p    93 1013 9   596 338 8
p   610  98 6    20 807 9
p   747  93 6   400 131 9
p   964 944 5   885 202 3
p   930 604 2   133 233 5
p   310 752 2    80 919 7
p   997 186 9    17 550 5
p   129 834 2   919 716 9
p   887 810 8     4 146 2
p   591   3 1   496  42 3
p   225 178 3   902 236 7
p   751 691 2   358 278 5
p   992 223 6    67 384 10
p   930  97 9   732 939 5
p   432 917 5   779 181 0
p   451 334 5   352 883 8
p   393 128 7   554 155 0
p   631 528 6   425 479 4
p    89 548 1   689 767 1
p   206 246 6   416 908 6
p   538 223 0   946 102 1
p   199 590 7   441 404 7
p   268 819 7   617  29 3
p   787 210 7   998 451 5
p   217   7 2   483 618 9
p   296 336 7   680 731 9
p    90 127 5   627 669 2
p   139 943 2    18 289 5
p   648 756 1   520 327 7
p   368 830 2   1018 533 4
p   743 387 0   451 294 7
p   539 850 5   159 152 6
p   271 216 10   142 938 5
p   959 859 3   481  87 4
p   948 103 2    43 881 7
p   603 476 2   599 719 8
p   166 640 7   595 745 5
p   977 665 6    13 146 6
p   785 147 7   158 781 9
p   635  69 3   276 479 8
p   592 1015 7   144 1002 0
p   340 652 4    22 303 2
p   794 606 1   893 218 3
p   895 783 4   531 1002 7
p   732 671 10   946 305 4
p   650 242 7   924 313 4
p   460 395 7    53 795 3
p   636 434 6   582 529 1
p     7 109 4   263 496 5
p   527 135 5   973 176 0
p   347 725 9   111  31 3
p   636 942 3   798 130 7
p   255 779 10   452 703 3
p   869 419 6   1010 571 4
p    98 972 5   717 670 2
p   652  98 0   861 615 3
p   539 571 7     0 147 1
p   771 463 2   383 685 5
p   558 960 4   105 109 7
p   319 117 8   910 104 6
p   758 251 9   700 455 1
p   264 849 1   721 584 6
p    16 125 3   645 390 2
p   393 474 6   573 376 4
p   825 603 10   616 290 5
p   484 873 8   901 735 2
p   279 167 9   921 331 0
p   485 807 7   691  21 1
p   746 838 2   835 974 6
p   564  33 4   478 976 4
p    12 580 0   1015 675 7
p   710 963 4   285  80 0
p   488 761 8     2 631 9
p   887 788 4   720 718 0
p    39 354 7   390 660 8
p   789 289 10   567 642 6
p   689 157 7   441 991 7
p   997 1014 9   600 615 5
p   378 428 10   661 174 0
p   449 451 0   232 339 4
p   639 159 9   509  70 1
p   965  32 7   183 669 10
p   940 447 4   296 450 10
p    38 490 9   109 119 8
p   289 817 3    33 839 3
p   472  61 7   848 225 10
p   648 561 2   897 434 0
p   947 377 3    59  33 0
p   895 888 5    83 142 10
p   574 814 0    66 795 1
p   840 956 4   117 734 4
p   513 909 5   141 381 9
p   523  82 5    35 900 2
p   746 1018 9   541 331 7
p   559 930 2   710 156 4
p   796 373 3   361 382 0
p   146 758 7   668 140 1
p   501 495 1   989 836 9
p   176 672 8   331 1008 1
p   812 148 2   194 118 7
p   248 818 8   980 793 10
p   570  32 3   403 989 4
p   276 818 10    47 1004 7
p   1019 664 0   694 232 10
p   954 881 7   259 948 9
p   649 175 2   580 607 4
p   833 694 2    30 621 3
p   911 239 6   202 989 7
p   771 912 4   559 460 6
p   342 841 4   789  17 4
p   491 922 7   751 651 9
p   742 646 10   782  15 9
p   192 766 4   401 157 4
p   1023 847 8   658 219 0
p   955 930 0   932 766 1
p   157 180 2   924 431 5
p   434 475 2   322 258 3
p   622  23 10   526 514 4
p   748 779 7   988 424 0
p   817 729 0   504 829 10
p   358 483 4   761 720 5
p   189 601 0   364 315 0
p    99 807 4   131 956 3
p   450 711 1   801 865 5
p   726 740 10   793 369 5
p   403 547 9    98 915 5
p   148 956 2    27 482 6
p    51 643 6   576  82 3
p   133 479 4   337 902 6
p   112 673 10   374 789 7
p   486 414 2   427 273 5
p   685 908 1   829 780 6
p   196  73 1   329 298 8
p   351 166 10   721 822 5
p    99 600 4   325  89 3
p   278 364 7   119 387 8
p   317 876 9   193 665 7
p   173 571 5   246 730 9
p   918 108 4    91 474 7
p   723  59 1   647 854 6
p    96  83 6   222 765 3
p   845 923 5   719 782 6
p   662 413 9   181 165 7
p   216 532 9   366 753 9
p   674  92 5   816 1021 5
p    57 357 5   951  66 10
p   450 101 8   123 137 2
p   560 676 9   603 652 5
p   516 678 2   303 637 6
p   184 200 6   853 319 1
p    49 542 5   627 559 7
p   891 325 8   232 338 5
p   532 755 0   756 825 0
p   575  19 1   892  56 9
p   683 784 7   776 749 9
p   368 392 7   542 694 4
p   428 401 0   754 582 9
p   755 424 8    64 651 10
p   913 324 3   301 907 3
p   423 337 2   890 454 5
p   410 343 4   916 287 7
p   219 931 5   305 438 8
p   876 832 1   990 488 10
p   174 963 2   890 277 9
p   167 875 7   124 959 4
p   188 863 0    39 754 0
p   764  96 10   140 576 7
p   374  98 5   343 912 2
p   229 611 4   293 143 9
p    97 925 10   133 946 2
p   811 332 4   727 559 8
p   405  63 3   905 821 10
p   603 336 5   505 250 9
p    60 339 10   573 966 0
p   831 640 9   752 1023 3
p   761 864 7   810 838 2
p   290 414 0   926 830 1
p   838 337 6   500 455 6
p   929 424 0   871 974 8
p   160 431 8   884 890 10
p   657 141 4   982 135 10
p   368 605 8    95 115 5
p   926 993 7   196 812 4
p   270 604 4   531 993 0
p   894 443 9   897 754 5
p   534 610 4   730 875 3
p   977 576 3   166 743 3
p   828 969 3   387 309 2
p   1022 847 9    28 975 9
p   843 948 4    78 583 5
p   221 760 10   733 813 8
p   829 163 6   622 895 4
p   266 549 5    17  49 2
p   504 674 5   588 1015 0
p   381 558 8   904 635 7
p   915 810 6    12 422 0
p   986 846 3   102 577 3
p   740 857 6   837   8 2
p   440 476 8   179 586 5
p   663  14 0    93 402 6
p   751 666 1   886 403 8
p   175 389 7   645 531 10
p   831 610 7   425 525 6
p   857 204 5   188 201 0
p   122 775 3   312 147 6
p   425  56 4   826 774 10
p   878 509 8   804 419 4
p   573 453 6   833 941 7
p   537 221 4   229 746 5
p   156 169 0   116 634 7
p   540 808 6   262 783 4
p    45 221 4   627 798 9
p   792 769 6   197 682 7
p   274 380 3   1019 713 3
p   199 348 2   850 192 4
p   547 257 1   984 925 0
p   546  44 4   112 823 2
p   307  87 10   512 432 6
p   183 816 3   867 756 3
p   497 301 10   869 551 7
p    79 819 3   275 335 9
p   105 1010 5   642 518 0
p   784 410 5   841 319 1
p    46 706 0   607  69 1
p   403 298 1   964 969 10
p   1003 931 6   413 759 5
p   232 794 1   667 972 5
p   148 366 5   442 152 6
p   901 995 1   674  22 1
p   525 620 2   752 913 10
p   106 699 5   714 955 3
p   902  92 0   947 265 7
p   225 602 3   740 762 9
p   822 460 1   687 449 7
p   1011 342 4   351 329 2
p   361 370 3   970 384 0
p   988 594 3   812  22 9
p   121  24 1   855  51 10
p   298 201 7   248 578 8
p   683 325 6   643  21 5
p   647 390 1   934  11 9
p   170 1015 10    94 786 7
p   885 508 3   809 754 5
p   1009 787 5   948 517 9
p    51 133 2   237 143 0
p   573 604 7   629 464 4
p    14 631 6   640 984 7
p   215 625 6   688 609 8
p   469 580 10   270 678 8
p   840 587 10   986 526 4
p   105 601 3   704 733 9
p   760 828 9   1019 336 6
p   570 584 7   959  18 3
p   473 529 9   511 242 9
p   527 803 2   967 411 4
p   488 338 8   590 617 6
p   301 349 1   394 268 3
p   639 701 8   226 187 10
p   477 487 0   703 176 0
p   257 989 3    58 686 1
p   291 487 5   310 946 8
p   641  76 8   849 827 9
p   177 920 3   270   1 1
p   355 238 9    48 455 4
p   885 855 3   694 470 2
p   713 476 7   755 575 2
p   140  10 4   676 846 3
p    69 493 3   342  48 5
p   452 724 7   391  43 10
p   207 756 6    30 750 10
p   153 732 6   553 443 4
p   176 369 7   869 753 6
p   234   5 9   784 969 1
p   997 338 6    19 813 10
p   968 158 1   560 417 0
p   295 797 8   242 941 4
p   788 350 10   692 379 0
p   192 969 6   819 217 5
p   614 961 5   946 326 6
p   640  98 1   261 268 2
p   428  99 1   876 183 4
p    82 815 2   678 838 4
p   211 161 5   608 674 6
p   250   1 1   451 992 6
p   1003 861 10   296 706 4
p   891 628 4   965 861 5
p   435 412 4   317 171 9
p   124 637 1   888 233 1
p    18 926 8   321 885 5
p   224 581 0   712 277 4
p   883 638 10   232   6 9
p   623 136 2   969 591 6
p   789 922 4   844 889 10
p   491 914 9   480 735 1
p   762 405 9   353 816 3
p   510 406 10   246 862 8
p   969 709 5   964  38 9
p   759 207 3   884 106 2
p   154 214 1   355 894 6
p   163 107 10   258 293 2
p   285 967 4   423 342 6
p   537 266 1   568 570 0
p   349 434 5   325 685 8
p   122 431 7   606 893 9
p   558 909 8   153   9 4
p   373  28 8   528 999 9
p   827 408 10   730 107 6
p   216 657 4    42 921 10
p   652 212 4   711 118 2
p    92 956 8   140 241 7
p   997 220 9   445 878 0
p   534 428 8   984 104 8
p   371 902 9   1021 521 5
p   217  52 9   110 442 1
p    38 335 1   289 1016 2
p   806 807 0   400 152 3
p   133 141 7    55 488 6
p   434 253 6    99 178 3
p   459 206 7   268 490 8
p   685 617 9   413 440 4
p   134 610 5   817 623 3
p   879 283 3   890 1003 2
p   230 593 0   834 436 8
p    25 813 6    22  49 4
p   638 463 7   922 391 4
p   814  44 3    63 669 7
p   679 635 8    14 645 6
p   854 772 0   606 421 3
p   110 124 1   244 494 6
p   266 209 5   499  76 2
p   403 956 5   252 894 10
p   159 893 5   262 831 6
p   565 714 4   717 759 8
p    49 314 6   682 610 8
p   340 655 5   862 306 5
p   243 946 10   311 883 4
p   299 389 8   1007 850 9
p   310 199 2   965 167 2
p   812 887 2   535 373 9
p   599 487 7   1008 654 8
p   830 271 4   203 618 8
p   425 341 4   738  41 10
p   677 586 0    88 154 6
p   572 168 9   340 143 3
p   768 498 7   275 635 2
p    13 734 4   308 538 4
p   826 993 7    39 669 0
p   409  93 9    26 694 5
p   521 265 4   443 461 5
p   854 646 9   528 536 6
p   729 752 6   409 283 8
p    60 980 10   918 908 10
p   615 855 2   470  23 3
p   445 177 7   180 164 8
p   931 947 9   203 619 5
p    52 235 6   879 773 8
p   465 976 6   285 338 4
p   133 658 5   843  99 1
p   346 222 2   360 362 5
p   757 532 9    64 672 7
p   954 589 7   470  75 1
p   466 642 4   189 888 10
p   352 285 1   997 580 6
p   321 819 2   681 686 10
p   853 455 7   519 139 5
p   736 949 6   271 525 7
p   291 134 2   307 211 3
p    43 446 7    10 170 1
p   429 895 2   411 362 1
p    93 220 0   402 777 3
p   1012 516 8   581 581 8
p   803 210 1   188 237 0
p   237 406 6    28 629 7
p   912 671 6   305 391 6
p   822 357 7   372 633 0
p   103 674 9   317 758 8
p    69 686 4   205 209 9
p   693 415 5   164 1012 5
p    75 422 9   327 750 0
p   786 627 5   197 501 8
p    52 256 3   301 684 10
p   604 671 5   483 738 7
p   375 491 0   315 770 10
p   474 453 1   706 909 0
p   663 214 1   681 292 0
p   747 893 6   785 707 5
p   466 568 3     5 657 9
p   360 447 7    33 254 8
p   667  47 4   611 119 10
p   177 620 0   257 149 8
p   1002 913 2   656 929 7
p    62 459 3   661  63 7
p    49  57 2   884 786 2
p     9 267 10   568  81 7
p   644 867 10   867 694 9
p   635 216 5   306 253 2
p    68 292 9   520 542 1
p   980 123 10   190  50 10
p    31 278 7   586 750 3
p   770  56 0   239 847 1
p   752 965 10    93 262 0
p   780 433 2   923 605 10
p   697 113 1   120 370 8
p   939  55 4   964 818 3
p   918 141 3   209 434 5
p    74 180 6   860  90 10
p   512 793 0   365 472 6
p   985 517 10   990 915 3
p   888 320 7   713 616 9
p   813 832 4   907 746 3
p   432 244 9   382 384 4
p   572 288 9   685 811 0
p   385 212 2   345 873 4
p    64 868 8   561  47 1
p   366 425 3   785 990 4
p   175 462 1   475 419 10
p   360 124 10   720 712 3
p   208 729 3   629  96 4
p   650 563 7   235 465 0
p    77 212 7   814 612 3
p     7 711 9     9 632 3
p   420 750 4   562 709 7
p   487 549 7    13  23 5
p   724 973 5   690 943 1
p   130 488 6   311 395 9
p   544 586 10   609 473 1
p   195 517 0   521 901 4
p   858 769 8   346 624 7
p   101 174 7   738  41 5
p   491 434 8   993  32 10
p   754 391 2   601 547 10
p   997 797 9   708 804 5
p   717 447 10   937 1020 2
p   222 631 4   406 790 7
p   874 827 5   106 432 8
p   375 862 4   837 777 7
p     7 947 4    94  12 9
p   428 600 10   957 644 8
p   658 429 1   212 305 2
p   954 209 2   712 994 7
p   300 834 1   664 505 8
p   497 636 0   863 742 2
p   969 1013 6   856 1013 3
p   189 331 10   302 461 9
p   181 464 2   429 983 4
p    63 914 9   351  50 5
p   656 449 0    95 766 5
p   665 302 4   349 670 5
p   114 695 10   422  33 5
p   652 362 9   973 481 5
p   435 700 0   312 819 2
p   551 222 1   414 562 2
p   347 462 8   152 602 6
p   997 620 4   493 628 5
p   690 300 2   1001 964 8
p   1005 1017 2   353 943 7
p   152 807 2   210 628 2
p   390 167 7   629 928 1
p   1009 315 0   357 970 3
p   504 282 7   380 946 1
p   641 1011 4   547 792 1
p   486 875 9   539 817 5
p   697 829 0    95  45 9
p   225 517 3   398 356 9
p   108 759 5   599 481 8
p   556 420 4   435 565 2
p   1000 880 3   544 664 5
p   176 659 7   601 533 5
p   1001 100 9     1 776 5
p   544  52 10   185 846 10
p   908 651 1   606 692 10
p   702 165 0   826 360 3
p   358 945 9   809 497 10
p   592 909 10   616 607 10
p    31 551 1   838 958 6
p   306 922 1   807  42 8
p   781 810 7   186 842 2
p   848 641 9   550  13 10
p   580 457 5   579 800 3
p   438 195 5   795  43 9
p   163 167 2   758 702 9
p   193 925 1   164 431 3
p   778 691 0   112 537 1
p   575 735 6     9 958 2
p   468 537 10   316 673 9
p   578 228 3   133 749 5
p   337 940 2   129 635 4
p   388 603 6    19 100 0
p    34 216 10    78 197 6
p   387 681 2   705  76 3
p   437 628 0    32 117 6
p   450 709 4     7 251 10
p   852 769 3   738 283 0
p   400 709 2   1012 323 6
p   107  90 8   612 108 4
p   643 823 4   469 896 6
p   789 561 7   826 853 2
p   721 730 4   310 211 10
p   702 944 7   317 801 9
p   835 557 5   839 723 0
p   777 837 5   227 463 5
p   845 507 9   434 181 4
p   818 624 10   726 713 10
p   736 557 9   942 948 2
p   511 653 0   423 619 9
p    43 328 3   167 333 10
p   502  74 8   1009 943 6
p   412 840 6   182 680 5
p   715 210 3   311 297 7
p   359 681 0    25 479 10
p    48  87 10   318  75 0
p    82 229 6    35 860 10
p   341 849 6    24 848 10
p   751 745 4   875  26 3
p   848 174 2    53  29 9
p   788 556 9   155 1008 7
p   838 263 0   627 767 10
p   152 229 6   834 304 4
p   713  79 5   274  34 4
p   304 916 6   238 314 5
p   1012 280 4   114  78 2
p   665 701 9   846 280 4
p   967 536 7   718 944 4
p   793 455 3   754 628 3
p   601 107 10    32  73 7
p   803 956 4   963 514 1
p   302 507 9    61 555 6
p   886 379 5   680 231 6
p   460 246 2   606 694 3
p   395 989 3   605 467 4
p   236 382 9   464 1020 10
p   265 133 7    37 200 3
p   243 469 10   498 328 1
p   515   3 2   551 886 4
p   340 317 9   526 920 7
p   262 396 0    59 951 6
p   841 233 6   552 130 8
p   962 943 1   598 962 10
p   508 907 9   899 694 10
p   697 122 2   225 158 5
p   313 302 3   138 489 9
p   524 781 4   1015 356 3
p   694 716 4   418 216 6
p   261 534 0   493 885 4
p   611 178 0   258 180 8
p   279 989 7   867 105 4
p   338 210 10   802 168 6
p   843 393 9   547 754 8
p    99 796 4   864 139 3
p   547 668 3   695 953 3
p    69 371 0   150 680 3
p   130 933 1   349 513 9
p   773 604 10   526 199 5
p   381 404 5   841 559 7
p   962 123 8   810 636 8
p   323  99 1   854 506 1
p   470 538 5    26 191 6
p   348 795 3   807 578 3
p   309 414 0   799 940 7
p   603 804 1   764 702 1
p   578 822 2    81 105 3
p   393 854 5   782 241 7
p   999 423 9    57  79 0
p   880 851 8   901 309 8
p   904 615 8   853 670 8
p   916 219 2   631 902 8
p   836 159 2   958 742 7
p   864 695 3   903 338 10
p   663 199 9   813 903 7
p   148  75 1   541 495 6
p   455 732 5   665 876 0
p   869 243 10   468 426 10
p   569  45 9   281 411 1
p   1018 657 9   634 884 9
p   980 778 10   682 758 10
p   965 1002 0   598 983 7
p   196 157 3   540 418 4
p    90 659 4   523  53 10
p   301 727 8   173 382 3
p   175 672 8   665 754 1
p   425 509 10   464 552 5
p   182   0 9   953  17 1
p   901 584 0   534 823 2
p   435 755 4     4 291 6
p   704 425 3   721 998 9
p   505 130 7   215 232 6
p   228 729 5   443 822 5
p   738 634 8   913 218 7
p     4 221 8   314 222 6
p   908 553 2   300 132 3
p    51 669 5   113  48 1
p   881 986 3   451 195 7
p   521  12 2     8 448 9
p   901 617 10   933 522 4
p   322 170 6   485  10 0
p   222 266 4   923 945 2
p   694 569 9   309 454 6
p   429 428 2   759 833 7
p   576 901 9    20 695 0
p   416 205 2   446  46 7
p   503 893 3   990 986 4
p   158 128 0    43 889 4
p   478 446 8   410 365 7
p   392 673 5   581 412 2
p   966 602 6   293 651 6
p   595 552 2   670  82 3
p   310 444 0   209 874 8
p    13 621 5    99 759 3
p   391 374 6   853 862 3
p   919  60 6   717 978 4
p   424 642 3   991 356 1
p   347 260 10   909 751 3
p   288 155 6   226 107 9
p   275 641 1   291 141 3
p     9 370 10   640 971 4
p    60 157 5   233  93 2
p   479 430 8   963 556 1
p   120 413 0   556 726 3
p   534 1002 1   951 424 9
p   382 940 9   850 337 2
p   100 798 4   476  97 0
p   861 572 1   193 368 2
p   139   7 10   454 677 6
p   718 912 3   672  15 3
p    26 454 9   914 686 9
p   484  84 5   735 230 1
p   1008 457 7   1016 714 4
p   553 508 4   581 316 1
p   986 925 7   451 911 5
p   658 947 1   784 956 4
p   574 338 10   343 249 4
p    99 163 1   728 340 0
p   707 306 8   939 599 10
p   945 402 7    20 647 10
p   583 304 5   391 302 4
p   230 485 2    18  22 4
p   305  40 8   100 315 9
p   752 438 8   265 431 8
p   319 823 4   720 183 5
p   137 576 1   965 944 3
p   324   4 10   590 325 10
p   272 667 4   123 263 7
p   237 321 1    38  53 2
p    97 703 9   507 313 5
p   733 646 1   791 920 5
p   711 595 1   393 987 0
