# Dimensions (x, y, z)
d  1024 1024 3

# Paths: Sources (x, y, z) -> Destinations (x, y, z)
p   864 776 1   265 523 1
p   802 310 1   597 929 1
p   288 773 1   256 931 2
p   829 923 0   747 920 2
p   483 103 1   625 934 2
p   488 886 0   824 561 0
p   736 408 2   684   1 1
p   888 249 0   891 195 1
p   244 990 2   458  82 0
p   520 955 0   564 723 1
p   834 553 2   617 601 1
p   610 394 1   297 193 0
p   627 672 1    91 775 2
p   945 862 2   945 553 1
p   722 282 2   869 916 1
p   972 593 1   676 1020 2
p   812  84 1   498 645 2
p   248 749 0   225 813 0
p   835 103 0   714  46 1
p   931 547 2    27 650 1
p   589 400 1   1004  37 0
p   984 189 0   215 819 2
p    23 435 0   266 226 1
p   358 184 1    40 103 2
p   204 367 2   858 940 0
p   688 989 0   692 865 1
p   256 611 1   179 482 1
p   582 520 0   365 857 0
p   574  12 2   343  46 0
p   245 976 1   294 367 2
p   648 635 2   397 424 1
p     1 196 1   245 652 1
p   896 581 1   411 718 1
p   678  47 1   265 161 1
p   498 574 2   905 506 0
p   478 828 2   831 192 2
p   648  85 2   1010 411 2
p   323 218 2     2 842 1
p   100 121 1   894 286 2
p   102 874 1    83 281 1
p   811 882 0   533 666 1
p   892 285 0    41 697 1
p   969 960 2    43 767 2
p   671 729 2   655 381 1
p   212 601 0   154 341 2
p   735 346 1    42 167 2
p   296 404 1   300 489 0
p    49 183 1    72 412 0
p   424 101 2   485 861 2
p   351 490 2   436 309 2
p   915 941 1   384 997 1
p    67  86 2    62   8 1
p   531 459 1   598 695 1
p   377 1012 0   795 441 1
p    65 884 2   924 462 2
p   121 407 0    43 970 0
p   149 202 1   559 154 2
p   1006 151 1   696 898 1
p   939 330 1   510 686 0
p   624 224 1   985 920 2
p    36 151 0   802 862 1
p   735 826 0    86 889 0
p   230  41 0   864 338 0
p   152 671 2   517 922 1
p   587 694 2   776 1014 2
p   927 211 1   612 845 1
p   810 397 1   871 817 1
p     0 186 1   260  67 2
p   965 310 1   829  63 1
p   130 293 2    56  36 1
p   503 884 2   689 155 2
p   421 626 1    48 482 0
p    33 632 1   107 562 1
p   392 795 1   902 624 1
p   647 345 0   698 636 2
p   130 933 2   938 893 2
p   829 531 2   193 800 1
p   774 466 2    77  45 2
p   497 922 2   682 585 0
p    95 839 2   798 715 1
p   312 116 1   579 945 2
p   425 101 2   751  31 1
p   702  30 2   985 739 0
p    72 367 0   356  10 2
p   838  72 2   212 209 2
p   960 126 0   377  25 1
p   879 191 0   352 982 0
p   989 370 1   299 959 2
p   651 188 2   105 594 0
p   919 968 2   323 248 2
p   298 429 0   135  21 0
p    74 430 1   758 145 1
p   652  86 1   378 971 0
p   418 427 2   328 208 0
p   482 973 2   283 571 2
p   814 456 1   786 442 0
p   464 959 0   473 652 1
p   208   1 2   633   7 0
p   787 644 1   159 723 1
p   694 778 0   780 286 2
p   123 904 0   262 538 1
p   405 104 0   290 773 2
p   609  36 2   312 348 1
p   255 942 0   424 296 1
p   587 642 1   420 649 1
p   797 807 0   380 643 0
p   713 390 1   142 684 1
p   484 425 1   711 325 1
p    61 307 2    53 636 0
p   482 909 0   539  68 2
p   702 759 2     6  42 1
p   1023 894 2   744 232 2
p   294 107 1   338 172 1
p   918 445 1   725 536 0
p   932 454 2   398 826 1
p   225 200 2   600  50 1
p   239  86 0    58 653 0
p   625 627 2   524 291 2
p   361 469 1   528 979 2
p   952 956 1   501 721 0
p   272  44 0     3 670 0
p   805 696 2   406 943 1
p   347 104 2   813 330 1
p   332  29 0   377 214 1
p   192 206 2   753 319 2
p   260 352 2    45 956 0
p   471 741 0   828 1002 1
p   120  83 0   783 423 2
p   451  78 1   772 849 0
p   184 501 0   891 956 0
p   445 570 0   554 206 0
p   452 619 1   267 237 0
p   802 101 2   254 291 2
p   675 759 1   879 124 1
p   121 754 1   691 720 1
p   226 851 0   530 690 0
p   643 293 0   829 566 0
p   599  25 0   405 999 1
p    78 783 2   793 583 2
p   218 750 2   778 361 1
p   644 922 0   853 539 1
p   466  12 0   668 676 1
p   976 492 0   868 265 1
p   720 841 2   393  60 0
p   743 984 1   451 743 1
p   266 687 0   364 552 2
p   154  22 1    25  46 0
p   669  68 0   995 432 2
p   221 445 1   181 336 2
p   765 391 1   270 544 2
p   703 473 0   943 418 1
p     3 141 2   526 750 0
p   337 860 2   252  22 2
p   172 806 2   172  80 2
p   612 635 1   153 616 0
p   825 750 0   954  37 0
p   299 154 0   364 753 1
p   276 504 1   318 922 1
p   1000 791 1   268 703 1
p   738 413 1    21 757 0
p   697 595 2   296 702 0
p   541 348 2   995 213 1
p   337 991 2   600 737 2
p   361 938 2   338 765 0
p   835 578 2   371 640 0
p   801 615 2     1 144 0
p   128 951 2   491 969 2
p   797 765 0   562 434 2
p   178 173 1   161 112 1
p   815 619 2   272 291 1
p   1014 735 2   550 567 2
p   194 801 2   865 768 0
p   676 945 1   369 972 1
p   421 628 2   233  16 1
p   963 696 1   642 508 2
p   255 913 0   967 948 0
p   458 761 1   521 826 2
p   980 168 2   950 649 2
p   258 902 2   624  92 0
p    11 256 2   395 794 1
p   398 901 0   476 849 0
p   727 335 0   485 534 0
p   579 355 0   195 113 1
p    44 950 2   967 322 2
p   1007 783 0   686 609 1
p   313  61 0   137 492 1
p   782  47 2    44 568 2
p   646 972 1   599  84 1
p   832 206 0   717 259 0
p   957 1022 0   921 565 0
p   599 656 0   775 837 0
p   663 467 0   469 163 1
p   670 487 1   556 840 1
p   832  81 1   360 462 2
p   524 1010 2   121 324 0
p   751  19 2   197 423 0
p   318 398 0   785 728 1
p   855  79 0   363 923 2
p   688 576 2   422  31 2
p   195 396 1   126 359 0
p   630 669 0   467 567 2
p   507  82 0   882 809 2
p   268 663 0   846 341 2
p   482  33 2   640 293 0
p   385 160 1   150 178 2
p   655 248 2   639 968 1
p   909 694 0   246 288 0
p   243 231 2   474 897 0
p   578  13 2     5 399 2
p   1023  19 2   522  39 2
p   114 626 2   689 388 0
p   446 935 0   253 141 1
p   546  74 1   674 989 1
p   446 482 0   404 660 1
p   595 855 2   906 380 0
p   626 485 0    41 329 2
p   987 109 2    49 730 0
p   431 891 1   946 730 1
p   165 348 1   604 1019 0
p   515 955 1   643 784 1
p   771 200 2   181 597 0
p   649 298 1   698 275 2
p   355 135 1   169 440 1
p    77 727 2   796 557 1
p   173 212 0   537 838 1
p   903 753 2   343 121 2
p   875 418 2   920 350 1
p   339 711 2   1008 761 0
p   901 1016 1   971 523 2
p   1019 832 2   157   5 1
p   721 957 1   713 662 0
p   659 1005 0   705 629 1
p   812  10 2   836 492 0
p   463 598 0   498 794 2
p   575 847 0   876 942 0
p   847 869 2   529 622 0
p   725 414 0   137 397 2
p   578 938 2    88 602 1
p   518 466 1   104 853 1
p   660 484 0   553 163 2
p   851 147 0    70 402 2
p   569 271 0   113 144 2
p   141 884 2   140 572 0
p   882 571 2   502 706 2
p   572 895 1    99   5 0
p   858 318 0   507 969 1
p   349  79 1   231 376 1
p   776 237 2   760 492 2
p   367 393 0   797 410 1
p   482 671 1   937 442 1
p   410 784 2   887 491 0
p   456 352 0   191 978 1
p   112 393 1   525 1003 2
p   579 632 2   514 498 0
p   700  94 0   912 232 2
p   1007 589 0    95 205 0
p   115 816 1   239  44 1
p     4 119 1   957 204 2
p   202   1 2   866  68 0
p   239 950 1   826 446 1
p   783 630 0   596 720 2
p   693 656 1    94 967 2
p   279 708 1   674 388 1
p   675 206 1   123 108 2
p   127 914 1   465 347 1
p   386 578 1   841 239 0
p   492 957 0   740   6 1
p   782 456 1   259 486 0
p   290 668 1   951 992 1
p    89 307 1   689 968 0
p    37 890 2   784 479 2
p   421 196 1   805 821 2
p   908 698 1   741 187 2
p   729 608 1   648 632 2
p   584 218 1   248 926 2
p   569 201 0   137 453 2
p   229 700 2   775 435 1
p   1012 906 1   701 167 1
p   365 448 1   679 866 1
p   150 772 2   976 403 1
p   553 913 2    21 212 2
p   599 894 1   215   4 2
p   139 658 1   389 550 0
p   993 504 0   429 775 0
p   762 785 0   991  28 2
p   524 157 0   607 285 2
p   224 393 1   347 843 0
p    91 158 1   577  64 2
p   490 327 2    24 444 1
p   985 779 2   121 440 0
p   278 393 1   382 822 0
p   844 554 1   565 165 1
p    22 883 0   352 1019 1
p   427 809 0   584 533 2
p   600 496 1   800 355 1
p   724 1019 2   984 408 1
p   763 356 0   996 356 2
p   872 221 2   1007 283 1
p   788  85 2   315 723 2
p    35 626 0   117 728 2
p   525 354 1   424 544 1
p    82 1002 2   178 246 1
p   715  32 2   653 275 2
p   677 324 1   1002  49 2
p   869 708 0   611 804 1
p   596 259 0   827 501 1
p   125 383 1   236 827 1
p   244 315 2   925 983 0
p   771 538 0   252 288 1
p   482 959 0   726 874 1
p   255 226 0   148 564 0
p    27 238 2   427 904 2
p   249 573 2   595 172 0
p   1011 306 2   814 759 2
p   808 867 0   171 517 0
p   546 505 0    88  11 2
p    83 984 2   763 461 0
p   422 353 1   743 913 0
p   248 214 0   874 523 0
p   456 461 2   779 137 1
p   521  13 0   682 375 2
p   513 704 0   490 751 2
p   204 406 1   450 486 0
p   828 934 1   653 389 1
p   712 513 2   775 863 0
p   221 526 1   827 529 2
p   796 518 2   487 349 1
p   467 666 0   747 991 1
p    70 206 0   262 812 0
p   894 962 0   177 988 1
p   831   9 2    16 622 2
p   851 317 2   402 511 1
p   363 596 2   716 786 0
p   544 361 0   942 201 0
p   183 673 1   517 600 2
p   881 927 0   918  32 1
p   953 514 1   339 938 2
p   633 731 1   141 1002 1
p   280 1000 1   338 917 0
p   823 163 0   265 731 1
p   431 162 2   784 702 2
p   792 115 2   858 764 1
p   702 102 2   268 803 1
p   521 548 0    41  15 2
p   141 125 1   1001 907 0
p   839  87 1   593 1009 0
p   422 941 0   613 408 1
p   720 416 2   978 1008 0
p   856 899 0   964 130 0
p   978 850 1   294 258 1
p     9 651 0   792  71 0
p   291 791 2   519 960 0
p   340 758 0   148 592 0
p   381 259 0   496 548 0
p   323 392 1   491 436 0
p   224 659 2   523 151 0
p   159 393 1   680 536 1
p   360 681 2   411 834 2
p   926 477 1   795  38 1
p   1000 350 1   255  78 0
p   445 633 1   531 114 0
p   367 965 0   275 494 2
p   969   1 1   241 670 2
p   908 699 2   803 164 0
p   756 538 2   168 394 0
p   899 495 2   724 1022 1
p   999 177 1   592 1001 1
p   886 643 1   400 377 0
p   216 985 1   886 906 2
p   243 345 1   329 147 2
p   563 549 2   117 944 1
p   708 614 1   726  90 1
p   215 399 1   362 416 2
p    44 979 1   167 570 0
p   513 705 1   321 689 2
p   894 394 2   117  60 2
p   781 629 1   316 920 2
p   493 225 2   743 1019 2
p    93 1013 2   596 338 2
p   610  98 1    20 807 2
p   747  93 1   400 131 2
p   964 944 1   885 202 0
p   930 604 0   133 233 1
p   310 752 0    80 919 1
p   997 186 2    17 550 1
p   129 834 0   919 716 2
p   887 810 2     4 146 0
p   591   3 0   496  42 0
p   225 178 0   902 236 1
p   751 691 0   358 278 1
p   992 223 1    67 384 2
p   930  97 2   732 939 1
p   432 917 1   779 181 0
p   451 334 1   352 883 2
p   393 128 2   554 155 0
p   631 528 1   425 479 1
p    89 548 0   689 767 0
p   206 246 1   416 908 1
p   538 223 0   946 102 0
p   199 590 1   441 404 1
p   268 819 1   617  29 1
p   787 210 1   998 451 1
p   217   7 0   483 618 2
p   296 336 2   680 731 2
p    90 127 1   627 669 0
p   139 943 0    18 289 1
p   648 756 0   520 327 2
p   368 830 0   1018 533 1
p   743 387 0   451 294 1
p   539 850 1   159 152 1
p   271 216 2   142 938 1
p   959 859 0   481  87 1
p   948 103 0    43 881 2
p   603 476 0   599 719 2
p   166 640 2   595 745 1
p   977 665 1    13 146 1
p   785 147 1   158 781 2
p   635  69 0   276 479 2
p   592 1015 2   144 1002 0
p   340 652 1    22 303 0
p   794 606 0   893 218 0
p   895 783 1   531 1002 2
p   732 671 2   946 305 1
p   650 242 1   924 313 1
p   460 395 1    53 795 0
p   636 434 1   582 529 0
p     7 109 1   263 496 1
p   527 135 1   973 176 0
p   347 725 2   111  31 0
p   636 942 0   798 130 1
p   255 779 2   452 703 1
p   869 419 1   1010 571 1
p    98 972 1   717 670 0
p   652  98 0   861 615 0
p   539 571 2     0 147 0
p   771 463 0   383 685 1
p   558 960 1   105 109 2
p   319 117 2   910 104 1
p   758 251 2   700 455 0
p   264 849 0   721 584 1
p    16 125 0   645 390 0
p   393 474 1   573 376 1
p   825 603 2   616 290 1
p   484 873 2   901 735 0
p   279 167 2   921 331 0
p   485 807 2   691  21 0
p   746 838 0   835 974 1
p   564  33 1   478 976 1
p    12 580 0   1015 675 2
p   710 963 1   285  80 0
p   488 761 2     2 631 2
p   887 788 1   720 718 0
p    39 354 1   390 660 2
p   789 289 2   567 642 1
p   689 157 2   441 991 2
p   997 1014 2   600 615 1
p   378 428 2   661 174 0
p   449 451 0   232 339 1
p   639 159 2   509  70 0
p   965  32 1   183 669 2
p   940 447 1   296 450 2
p    38 490 2   109 119 2
p   289 817 0    33 839 0
p   472  61 1   848 225 2
p   648 561 0   897 434 0
p   947 377 0    59  33 0
p   895 888 1    83 142 2
p   574 814 0    66 795 0
p   840 956 1   117 734 1
p   513 909 1   141 381 2
p   523  82 1    35 900 0
p   746 1018 2   541 331 2
p   559 930 0   710 156 1
p   796 373 0   361 382 0
p   146 758 2   668 140 0
p   501 495 0   989 836 2
p   176 672 2   331 1008 0
p   812 148 0   194 118 2
p   248 818 2   980 793 2
p   570  32 0   403 989 1
p   276 818 2    47 1004 2
p   1019 664 0   694 232 2
p   954 881 2   259 948 2
p   649 175 0   580 607 1
p   833 694 0    30 621 0
p   911 239 1   202 989 1
p   771 912 1   559 460 1
p   342 841 1   789  17 1
p   491 922 2   751 651 2
p   742 646 2   782  15 2
p   192 766 1   401 157 1
p   1023 847 2   658 219 0
p   955 930 0   932 766 0
p   157 180 0   924 431 1
p   434 475 0   322 258 0
p   622  23 2   526 514 1
p   748 779 2   988 424 0
p   817 729 0   504 829 2
p   358 483 1   761 720 1
p   189 601 0   364 315 0
p    99 807 1   131 956 0
p   450 711 0   801 865 1
p   726 740 2   793 369 1
p   403 547 2    98 915 1
p   148 956 0    27 482 1
p    51 643 1   576  82 1
p   133 479 1   337 902 1
p   112 673 2   374 789 1
p   486 414 0   427 273 1
p   685 908 0   829 780 1
p   196  73 0   329 298 2
p   351 166 2   721 822 1
p    99 600 1   325  89 0
p   278 364 2   119 387 2
p   317 876 2   193 665 1
p   173 571 1   246 730 2
p   918 108 1    91 474 1
p   723  59 0   647 854 1
p    96  83 1   222 765 0
p   845 923 1   719 782 1
p   662 413 2   181 165 2
p   216 532 2   366 753 2
p   674  92 1   816 1021 1
p    57 357 1   951  66 2
p   450 101 2   123 137 0
p   560 676 2   603 652 1
p   516 678 0   303 637 1
p   184 200 1   853 319 0
p    49 542 1   627 559 1
p   891 325 2   232 338 1
p   532 755 0   756 825 0
p   575  19 0   892  56 2
p   683 784 2   776 749 2
p   368 392 1   542 694 1
p   428 401 0   754 582 2
p   755 424 2    64 651 2
p   913 324 0   301 907 1
p   423 337 0   890 454 1
p   410 343 1   916 287 2
p   219 931 1   305 438 2
p   876 832 0   990 488 2
p   174 963 0   890 277 2
p   167 875 1   124 959 1
p   188 863 0    39 754 0
p   764  96 2   140 576 1
p   374  98 1   343 912 0
p   229 611 1   293 143 2
p    97 925 2   133 946 0
p   811 332 1   727 559 2
p   405  63 1   905 821 2
p   603 336 1   505 250 2
p    60 339 2   573 966 0
p   831 640 2   752 1023 1
p   761 864 2   810 838 0
p   290 414 0   926 830 0
p   838 337 1   500 455 1
p   929 424 0   871 974 2
p   160 431 2   884 890 2
p   657 141 1   982 135 2
p   368 605 2    95 115 1
p   926 993 1   196 812 1
p   270 604 1   531 993 0
p   894 443 2   897 754 1
p   534 610 1   730 875 1
p   977 576 0   166 743 0
p   828 969 1   387 309 0
p   1022 847 2    28 975 2
p   843 948 1    78 583 1
p   221 760 2   733 813 2
p   829 163 1   622 895 1
p   266 549 1    17  49 0
p   504 674 1   588 1015 0
p   381 558 2   904 635 1
p   915 810 1    12 422 0
p   986 846 1   102 577 1
p   740 857 1   837   8 0
p   440 476 2   179 586 1
p   663  14 0    93 402 1
p   751 666 0   886 403 2
p   175 389 2   645 531 2
p   831 610 2   425 525 1
p   857 204 1   188 201 0
p   122 775 0   312 147 1
p   425  56 1   826 774 2
p   878 509 2   804 419 1
p   573 453 1   833 941 1
p   537 221 1   229 746 1
p   156 169 0   116 634 1
p   540 808 1   262 783 1
p    45 221 1   627 798 2
p   792 769 1   197 682 2
p   274 380 0   1019 713 1
p   199 348 0   850 192 1
p   547 257 0   984 925 0
p   546  44 1   112 823 0
p   307  87 2   512 432 1
p   183 816 0   867 756 0
p   497 301 2   869 551 2
p    79 819 1   275 335 2
p   105 1010 1   642 518 0
p   784 410 1   841 319 0
p    46 706 0   607  69 0
p   403 298 0   964 969 2
p   1003 931 1   413 759 1
p   232 794 0   667 972 1
p   148 366 1   442 152 1
p   901 995 0   674  22 0
p   525 620 0   752 913 2
p   106 699 1   714 955 0
p   902  92 0   947 265 2
p   225 602 1   740 762 2
p   822 460 0   687 449 2
p   1011 342 1   351 329 0
p   361 370 1   970 384 0
p   988 594 0   812  22 2
p   121  24 0   855  51 2
p   298 201 1   248 578 2
p   683 325 1   643  21 1
p   647 390 0   934  11 2
p   170 1015 2    94 786 2
p   885 508 0   809 754 1
p   1009 787 1   948 517 2
p    51 133 0   237 143 0
p   573 604 2   629 464 1
p    14 631 1   640 984 2
p   215 625 1   688 609 2
p   469 580 2   270 678 2
p   840 587 2   986 526 1
p   105 601 0   704 733 2
p   760 828 2   1019 336 1
p   570 584 2   959  18 0
p   473 529 2   511 242 2
p   527 803 0   967 411 1
p   488 338 2   590 617 1
p   301 349 0   394 268 1
p   639 701 2   226 187 2
p   477 487 0   703 176 0
p   257 989 0    58 686 0
p   291 487 1   310 946 2
p   641  76 2   849 827 2
p   177 920 0   270   1 0
p   355 238 2    48 455 1
p   885 855 0   694 470 0
p   713 476 2   755 575 0
p   140  10 1   676 846 0
p    69 493 1   342  48 1
p   452 724 2   391  43 2
p   207 756 1    30 750 2
p   153 732 1   553 443 1
p   176 369 2   869 753 1
p   234   5 2   784 969 0
p   997 338 1    19 813 2
p   968 158 0   560 417 0
p   295 797 2   242 941 1
p   788 350 2   692 379 0
p   192 969 1   819 217 1
p   614 961 1   946 326 1
p   640  98 0   261 268 0
p   428  99 0   876 183 1
p    82 815 0   678 838 1
p   211 161 1   608 674 1
p   250   1 0   451 992 1
p   1003 861 2   296 706 1
p   891 628 1   965 861 1
p   435 412 1   317 171 2
p   124 637 0   888 233 0
p    18 926 2   321 885 1
p   224 581 0   712 277 1
p   883 638 2   232   6 2
p   623 136 0   969 591 1
p   789 922 1   844 889 2
p   491 914 2   480 735 0
p   762 405 2   353 816 0
p   510 406 2   246 862 2
p   969 709 1   964  38 2
p   759 207 0   884 106 0
p   154 214 0   355 894 1
p   163 107 2   258 293 0
p   285 967 1   423 342 1
p   537 266 0   568 570 0
p   349 434 1   325 685 2
p   122 431 2   606 893 2
p   558 909 2   153   9 1
p   373  28 2   528 999 2
p   827 408 2   730 107 1
p   216 657 1    42 921 2
p   652 212 1   711 118 0
p    92 956 2   140 241 1
p   997 220 2   445 878 0
p   534 428 2   984 104 2
p   371 902 2   1021 521 1
p   217  52 2   110 442 0
p    38 335 0   289 1016 0
p   806 807 0   400 152 0
p   133 141 2    55 488 1
p   434 253 1    99 178 0
p   459 206 1   268 490 2
p   685 617 2   413 440 1
p   134 610 1   817 623 1
p   879 283 0   890 1003 0
p   230 593 0   834 436 2
p    25 813 1    22  49 1
p   638 463 1   922 391 1
p   814  44 1    63 669 2
p   679 635 2    14 645 1
p   854 772 0   606 421 0
p   110 124 0   244 494 1
p   266 209 1   499  76 0
p   403 956 1   252 894 2
p   159 893 1   262 831 1
p   565 714 1   717 759 2
p    49 314 1   682 610 2
p   340 655 1   862 306 1
p   243 946 2   311 883 1
p   299 389 2   1007 850 2
p   310 199 0   965 167 0
p   812 887 0   535 373 2
p   599 487 2   1008 654 2
p   830 271 1   203 618 2
p   425 341 1   738  41 2
p   677 586 0    88 154 1
p   572 168 2   340 143 0
p   768 498 1   275 635 0
p    13 734 1   308 538 1
p   826 993 1    39 669 0
p   409  93 2    26 694 1
p   521 265 1   443 461 1
p   854 646 2   528 536 1
p   729 752 1   409 283 2
p    60 980 2   918 908 2
p   615 855 0   470  23 1
p   445 177 2   180 164 2
p   931 947 2   203 619 1
p    52 235 1   879 773 2
p   465 976 1   285 338 1
p   133 658 1   843  99 0
p   346 222 0   360 362 1
p   757 532 2    64 672 1
p   954 589 2   470  75 0
p   466 642 1   189 888 2
p   352 285 0   997 580 1
p   321 819 0   681 686 2
p   853 455 2   519 139 1
p   736 949 1   271 525 2
p   291 134 0   307 211 0
p    43 446 2    10 170 0
p   429 895 0   411 362 0
p    93 220 0   402 777 0
p   1012 516 2   581 581 2
p   803 210 0   188 237 0
p   237 406 1    28 629 2
p   912 671 1   305 391 1
p   822 357 1   372 633 0
p   103 674 2   317 758 2
p    69 686 1   205 209 2
p   693 415 1   164 1012 1
p    75 422 2   327 750 0
p   786 627 1   197 501 2
p    52 256 0   301 684 2
p   604 671 1   483 738 2
p   375 491 0   315 770 2
p   474 453 0   706 909 0
p   663 214 0   681 292 0
p   747 893 1   785 707 1
p   466 568 0     5 657 2
p   360 447 2    33 254 2
p   667  47 1   611 119 2
p   177 620 0   257 149 2
p   1002 913 0   656 929 1
p    62 459 0   661  63 1
p    49  57 0   884 786 0
p     9 267 2   568  81 2
p   644 867 2   867 694 2
p   635 216 1   306 253 0
p    68 292 2   520 542 0
p   980 123 2   190  50 2
p    31 278 1   586 750 0
p   770  56 0   239 847 0
p   752 965 2    93 262 0
p   780 433 0   923 605 2
p   697 113 0   120 370 2
p   939  55 1   964 818 0
p   918 141 1   209 434 1
p    74 180 1   860  90 2
p   512 793 0   365 472 1
p   985 517 2   990 915 1
p   888 320 2   713 616 2
p   813 832 1   907 746 0
p   432 244 2   382 384 1
p   572 288 2   685 811 0
p   385 212 0   345 873 1
p    64 868 2   561  47 0
p   366 425 0   785 990 1
p   175 462 0   475 419 2
p   360 124 2   720 712 0
p   208 729 0   629  96 1
p   650 563 1   235 465 0
p    77 212 1   814 612 1
p     7 711 2     9 632 1
p   420 750 1   562 709 1
p   487 549 1    13  23 1
p   724 973 1   690 943 0
p   130 488 1   311 395 2
p   544 586 2   609 473 0
p   195 517 0   521 901 1
p   858 769 2   346 624 1
p   101 174 2   738  41 1
p   491 434 2   993  32 2
p   754 391 0   601 547 2
p   997 797 2   708 804 1
p   717 447 2   937 1020 0
p   222 631 1   406 790 2
p   874 827 1   106 432 2
p   375 862 1   837 777 2
p     7 947 1    94  12 2
p   428 600 2   957 644 2
p   658 429 0   212 305 0
p   954 209 0   712 994 1
p   300 834 0   664 505 2
p   497 636 0   863 742 0
p   969 1013 1   856 1013 0
p   189 331 2   302 461 2
p   181 464 0   429 983 1
p    63 914 2   351  50 1
p   656 449 0    95 766 1
p   665 302 1   349 670 1
p   114 695 2   422  33 1
p   652 362 2   973 481 1
p   435 700 0   312 819 0
p   551 222 0   414 562 0
p   347 462 2   152 602 1
p   997 620 1   493 628 1
p   690 300 0   1001 964 2
p   1005 1017 0   353 943 2
p   152 807 0   210 628 0
p   390 167 2   629 928 0
p   1009 315 0   357 970 0
p   504 282 2   380 946 0
p   641 1011 1   547 792 0
p   486 875 2   539 817 1
p   697 829 0    95  45 2
p   225 517 1   398 356 2
p   108 759 1   599 481 2
p   556 420 1   435 565 0
p   1000 880 1   544 664 1
p   176 659 2   601 533 1
p   1001 100 2     1 776 1
p   544  52 2   185 846 2
p   908 651 0   606 692 2
p   702 165 0   826 360 1
p   358 945 2   809 497 2
p   592 909 2   616 607 2
p    31 551 0   838 958 1
p   306 922 0   807  42 2
p   781 810 1   186 842 0
p   848 641 2   550  13 2
p   580 457 1   579 800 0
p   438 195 1   795  43 2
p   163 167 0   758 702 2
p   193 925 0   164 431 1
p   778 691 0   112 537 0
p   575 735 1     9 958 0
p   468 537 2   316 673 2
p   578 228 0   133 749 1
p   337 940 0   129 635 1
p   388 603 1    19 100 0
p    34 216 2    78 197 1
p   387 681 0   705  76 1
p   437 628 0    32 117 1
p   450 709 1     7 251 2
p   852 769 0   738 283 0
p   400 709 0   1012 323 1
p   107  90 2   612 108 1
p   643 823 1   469 896 1
p   789 561 2   826 853 0
p   721 730 1   310 211 2
p   702 944 1   317 801 2
p   835 557 1   839 723 0
p   777 837 1   227 463 1
p   845 507 2   434 181 1
p   818 624 2   726 713 2
p   736 557 2   942 948 0
p   511 653 0   423 619 2
p    43 328 0   167 333 2
p   502  74 2   1009 943 1
p   412 840 1   182 680 1
p   715 210 0   311 297 2
p   359 681 0    25 479 2
p    48  87 2   318  75 0
p    82 229 1    35 860 2
p   341 849 1    24 848 2
p   751 745 1   875  26 1
p   848 174 0    53  29 2
p   788 556 2   155 1008 2
p   838 263 0   627 767 2
p   152 229 1   834 304 1
p   713  79 1   274  34 1
p   304 916 1   238 314 1
p   1012 280 1   114  78 0
p   665 701 2   846 280 1
p   967 536 1   718 944 1
p   793 455 1   754 628 0
p   601 107 2    32  73 2
p   803 956 1   963 514 0
p   302 507 2    61 555 1
p   886 379 1   680 231 1
p   460 246 0   606 694 0
p   395 989 1   605 467 1
p   236 382 2   464 1020 2
p   265 133 2    37 200 0
p   243 469 2   498 328 0
p   515   3 0   551 886 1
p   340 317 2   526 920 2
p   262 396 0    59 951 1
p   841 233 1   552 130 2
p   962 943 0   598 962 2
p   508 907 2   899 694 2
p   697 122 0   225 158 1
p   313 302 1   138 489 2
p   524 781 1   1015 356 0
p   694 716 1   418 216 1
p   261 534 0   493 885 1
p   611 178 0   258 180 2
p   279 989 2   867 105 1
p   338 210 2   802 168 1
p   843 393 2   547 754 2
p    99 796 1   864 139 0
p   547 668 1   695 953 1
p    69 371 0   150 680 0
p   130 933 0   349 513 2
p   773 604 2   526 199 1
p   381 404 1   841 559 2
p   962 123 2   810 636 2
p   323  99 0   854 506 0
p   470 538 1    26 191 1
p   348 795 0   807 578 0
p   309 414 0   799 940 1
p   603 804 0   764 702 0
p   578 822 0    81 105 0
p   393 854 1   782 241 2
p   999 423 2    57  79 0
p   880 851 2   901 309 2
p   904 615 2   853 670 2
p   916 219 0   631 902 2
p   836 159 0   958 742 2
p   864 695 0   903 338 2
p   663 199 2   813 903 1
p   148  75 0   541 495 1
p   455 732 1   665 876 0
p   869 243 2   468 426 2
p   569  45 2   281 411 0
p   1018 657 2   634 884 2
p   980 778 2   682 758 2
p   965 1002 0   598 983 1
p   196 157 1   540 418 1
p    90 659 1   523  53 2
p   301 727 2   173 382 1
p   175 672 2   665 754 0
p   425 509 2   464 552 1
p   182   0 2   953  17 0
p   901 584 0   534 823 0
p   435 755 1     4 291 1
p   704 425 0   721 998 2
p   505 130 1   215 232 1
p   228 729 1   443 822 1
p   738 634 2   913 218 2
p     4 221 2   314 222 1
p   908 553 0   300 132 0
p    51 669 1   113  48 0
p   881 986 0   451 195 2
p   521  12 0     8 448 2
p   901 617 2   933 522 1
p   322 170 1   485  10 0
p   222 266 1   923 945 0
p   694 569 2   309 454 1
p   429 428 0   759 833 1
p   576 901 2    20 695 0
p   416 205 0   446  46 2
p   503 893 0   990 986 1
p   158 128 0    43 889 1
p   478 446 2   410 365 2
p   392 673 1   581 412 0
p   966 602 1   293 651 1
p   595 552 0   670  82 0
p   310 444 0   209 874 2
p    13 621 1    99 759 1
p   391 374 1   853 862 0
p   919  60 1   717 978 1
p   424 642 1   991 356 0
p   347 260 2   909 751 0
p   288 155 1   226 107 2
p   275 641 0   291 141 0
p     9 370 2   640 971 1
p    60 157 1   233  93 0
p   479 430 2   963 556 0
p   120 413 0   556 726 0
p   534 1002 0   951 424 2
p   382 940 2   850 337 0
p   100 798 1   476  97 0
p   861 572 0   193 368 0
p   139   7 2   454 677 1
p   718 912 0   672  15 0
p    26 454 2   914 686 2
p   484  84 1   735 230 0
p   1008 457 1   1016 714 1
p   553 508 1   581 316 0
p   986 925 2   451 911 1
p   658 947 0   784 956 1
p   574 338 2   343 249 1
p    99 163 0   728 340 0
p   707 306 2   939 599 2
p   945 402 2    20 647 2
p   583 304 1   391 302 1
p   230 485 0    18  22 1
p   305  40 2   100 315 2
p   752 438 2   265 431 2
p   319 823 1   720 183 1
p   137 576 0   965 944 0
p   324   4 2   590 325 2
p   272 667 1   123 263 2
p   237 321 0    38  53 0
p    97 703 2   507 313 1
p   733 646 0   791 920 1
p   711 595 0   393 987 0
