7545000
7544868
7544620
7544448
7544132
7544132
7525868
7518612
7517284
7516956
7516752
7514860
7507992
7504604
7434720
6951212
6411564
5976944
5605200
5188684
4816808
killed stamp-testj.sh, used too much memory!
6250988
6120664
6120820
6120744
6120500
6120300
6120044
6119028
6103088
6095004
6089160
7519548
7519516
7519136
7519020
7519020
7519028
7518896
7519176
7519020
7518880
7518896
7518896
7519176
7519300
7519268
7519152
7518888
7518888
7519052
7518888
7519044
7518896
7518772
7518640
7518928
7518840
7518772
7519276
